           1  4.988475048795659E-003  2.678044927548852E-015
           2  1.496542514638698E-002  2.761285382486741E-015
           3  2.494237524397830E-002  2.839009337229348E-015
           4  3.491932534156961E-002  2.918043124340732E-015
           5  4.489627543916093E-002  2.994904199136546E-015
           6  5.487322553675225E-002  3.077540303184653E-015
           7  6.485017563434357E-002  3.159815073573215E-015
           8  7.482712573193490E-002  3.244165112033434E-015
           9  8.480407582952622E-002  3.329638021638746E-015
          10  9.478102592711754E-002  3.415540298920840E-015
          11  0.104757976024709       3.504278987844174E-015
          12  0.114734926122300       3.592329750833461E-015
          13  0.124711876219892       3.682709152797049E-015
          14  0.134688826317483       3.772437586296539E-015
          15  0.144665776415074       3.863242390232270E-015
          16  0.154642726512665       3.955102414208431E-015
          17  0.164619676610257       4.047135813066835E-015
          18  0.174596626707848       4.139294490766055E-015
          19  0.184573576805439       4.231753071514490E-015
          20  0.194550526903031       4.324582731357309E-015
          21  0.204527477000622       4.417743148091465E-015
          22  0.214504427098213       4.511171610559260E-015
          23  0.224481377195805       4.604820611309783E-015
          24  0.234458327293396       4.698646395446633E-015
          25  0.244435277390987       4.792607316629814E-015
          26  0.254412227488579       4.886635875342715E-015
          27  0.264389177586170       4.980658603611664E-015
          28  0.274366127683761       5.074593490675101E-015
          29  0.284343077781353       5.168436465028801E-015
          30  0.294320027878944       5.262284343773925E-015
          31  0.304296977976535       5.356246026910327E-015
          32  0.314273928074127       5.450261769597557E-015
          33  0.324250878171718       5.544079437300709E-015
          34  0.334227828269309       5.637535629855199E-015
          35  0.344204778366901       5.730830146666626E-015
          36  0.354181728464492       5.824207789401771E-015
          37  0.364158678562083       5.917440558874805E-015
          38  0.374135628659675       6.010167809834494E-015
          39  0.384112578757266       6.102621152857836E-015
          40  0.394089528854857       6.195109764754971E-015
          41  0.404066478952449       6.287246133464379E-015
          42  0.414043429050040       6.378801614427433E-015
          43  0.424020379147631       6.470250920368768E-015
          44  0.433997329245223       6.561495687353998E-015
          45  0.443974279342814       6.652058144002423E-015
          46  0.453951229440405       6.742367885852369E-015
          47  0.463928179537997       6.832481234046390E-015
          48  0.473905129635588       6.921864717635411E-015
          49  0.483882079733179       7.010948915200416E-015
          50  0.493859029830771       7.099745174589233E-015
          51  0.503835979928362       7.187763293864853E-015
          52  0.513812930025953       7.275519340408397E-015
          53  0.523789880123545       7.362792479305497E-015
          54  0.533766830221136       7.449306666485965E-015
          55  0.543743780318727       7.535591158157510E-015
          56  0.553720730416319       7.621121304557016E-015
          57  0.563697680513910       7.706079929621591E-015
          58  0.573674630611501       7.790650385297997E-015
          59  0.583651580709093       7.874331636274439E-015
          60  0.593628530806684       7.957663769818711E-015
          61  0.603605480904275       8.040230540177501E-015
          62  0.613582431001867       8.122129882397990E-015
          63  0.623559381099458       8.203546320444778E-015
          64  0.633536331197049       8.284035094164136E-015
          65  0.643513281294641       8.364104584826546E-015
          66  0.653490231392232       8.443271470366313E-015
          67  0.663467181489823       8.521825946564065E-015
          68  0.673444131587415       8.599672356984988E-015
          69  0.683421081685006       8.676655862964110E-015
          70  0.693398031782597       8.753087777217748E-015
          71  0.703374981880189       8.828517220732737E-015
          72  0.713351931977780       8.903404748263164E-015
          73  0.723328882075371       8.977302650257100E-015
          74  0.733305832172963       9.050540110605852E-015
          75  0.743282782270554       9.122891391880089E-015
          76  0.753259732368145       9.194415486307828E-015
          77  0.763236682465737       9.265168940369635E-015
          78  0.773213632563328       9.334949829196840E-015
          79  0.783190582660919       9.404033803559469E-015
          80  0.793167532758511       9.472055670773635E-015
          81  0.803144482856102       9.539397932497350E-015
          82  0.813121432953693       9.605644928805672E-015
          83  0.823098383051285       9.671180895061464E-015
          84  0.833075333148876       9.735628693353037E-015
          85  0.843052283246467       9.799305460660736E-015
          86  0.853029233344059       9.861922567372998E-015
          87  0.863006183441650       9.923694349388252E-015
          88  0.872983133539241       9.984444065316139E-015
          89  0.882960083636833       1.004427316199656E-014
          90  0.892937033734424       1.010311645958165E-014
          91  0.902913983832015       1.016096757676620E-014
          92  0.912890933929607       1.021786634530874E-014
          93  0.922867884027198       1.027370765085634E-014
          94  0.932844834124789       1.032862286903722E-014
          95  0.942821784222381       1.038242448573156E-014
          96  0.952798734319972       1.043531695755431E-014
          97  0.962775684417563       1.048705182701319E-014
          98  0.972752634515155       1.053788251045461E-014
          99  0.982729584612746       1.058752518894596E-014
         100  0.992706534710337       1.063625670212586E-014
         101   1.00268348480793       1.068378440180442E-014
         102   1.01266043490552       1.073038206837813E-014
         103   1.02263738500311       1.077577187131680E-014
         104   1.03261433510070       1.082020474933857E-014
         105   1.04259128519829       1.086343383272614E-014
         106   1.05256823529589       1.090567455102568E-014
         107   1.06254518539348       1.094671699225438E-014
         108   1.07252213549107       1.098674251460471E-014
         109   1.08249908558866       1.102557164453294E-014
         110   1.09247603568625       1.106336108154242E-014
         111   1.10245298578384       1.109994969315400E-014
         112   1.11242993588143       1.113548500577285E-014
         113   1.12240688597902       1.116980825664667E-014
         114   1.13238383607662       1.120307142238329E-014
         115   1.14236078617421       1.123510824093537E-014
         116   1.15233773627180       1.126608071814624E-014
         117   1.16231468636939       1.129581440162534E-014
         118   1.17229163646698       1.132447632001543E-014
         119   1.18226858656457       1.135189355456802E-014
         120   1.19224553666216       1.137822348484607E-014
         121   1.20222248675976       1.140331488396648E-014
         122   1.21219943685735       1.142729097578932E-014
         123   1.22217638695494       1.145004779969481E-014
         124   1.23215333705253       1.147165020587763E-014
         125   1.24213028715012       1.149206457732846E-014
         126   1.25210723724771       1.151127649274704E-014
         127   1.26208418734530       1.152933852410265E-014
         128   1.27206113744289       1.154614836679693E-014
         129   1.28203808754049       1.156184676053667E-014
         130   1.29201503763808       1.157624762414944E-014
         131   1.30199198773567       1.158956852464540E-014
         132   1.31196893783326       1.160155905117767E-014
         133   1.32194588793085       1.161248723224405E-014
         134   1.33192283802844       1.162206981495679E-014
         135   1.34189978812603       1.163058970463058E-014
         136   1.35187673822363       1.163776922110822E-014
         137   1.36185368832122       1.164386672529132E-014
         138   1.37183063841881       1.164864901314429E-014
         139   1.38180758851640       1.165231237987025E-014
         140   1.39178453861399       1.165470210110234E-014
         141   1.40176148871158       1.165592423644222E-014
         142   1.41173843880917       1.165592423644217E-014
         143   1.42171538890676       1.165470210110235E-014
         144   1.43169233900436       1.165231237987011E-014
         145   1.44166928910195       1.164864901314441E-014
         146   1.45164623919954       1.164386672529138E-014
         147   1.46162318929713       1.163776922110836E-014
         148   1.47160013939472       1.163058970463043E-014
         149   1.48157708949231       1.162206981495690E-014
         150   1.49155403958990       1.161248723224389E-014
         151   1.50153098968750       1.160155905117779E-014
         152   1.51150793978509       1.158956852464531E-014
         153   1.52148488988268       1.157624762414938E-014
         154   1.53146183998027       1.156184676053495E-014
         155   1.54143879007786       1.154614836679700E-014
         156   1.55141574017545       1.152933852410258E-014
         157   1.56139269027304       1.151127649274704E-014
         158   1.57136964037063       1.149206457732842E-014
         159   1.58134659046823       1.147165020587762E-014
         160   1.59132354056582       1.145004779969498E-014
         161   1.60130049066341       1.142729097578930E-014
         162   1.61127744076100       1.140331488396646E-014
         163   1.62125439085859       1.137822348484601E-014
         164   1.63123134095618       1.135189355456803E-014
         165   1.64120829105377       1.132447632001554E-014
         166   1.65118524115137       1.129581440162533E-014
         167   1.66116219124896       1.126608071814626E-014
         168   1.67113914134655       1.123510824093537E-014
         169   1.68111609144414       1.120307142238320E-014
         170   1.69109304154173       1.116980825664679E-014
         171   1.70106999163932       1.113548500577294E-014
         172   1.71104694173691       1.109994969315386E-014
         173   1.72102389183450       1.106336108154253E-014
         174   1.73100084193210       1.102557164453286E-014
         175   1.74097779202969       1.098674251460477E-014
         176   1.75095474212728       1.094671699225443E-014
         177   1.76093169222487       1.090567455102565E-014
         178   1.77090864232246       1.086343383272616E-014
         179   1.78088559242005       1.082020474933867E-014
         180   1.79086254251764       1.077577187131697E-014
         181   1.80083949261524       1.073038206837830E-014
         182   1.81081644271283       1.068378440180446E-014
         183   1.82079339281042       1.063625670212585E-014
         184   1.83077034290801       1.058752518894575E-014
         185   1.84074729300560       1.053788251045443E-014
         186   1.85072424310319       1.048705182701315E-014
         187   1.86070119320078       1.043531695755428E-014
         188   1.87067814329838       1.038242448573173E-014
         189   1.88065509339597       1.032862286903657E-014
         190   1.89063204349356       1.027370765085646E-014
         191   1.90060899359115       1.021786634530867E-014
         192   1.91058594368874       1.016096757676598E-014
         193   1.92056289378633       1.010311645958151E-014
         194   1.93053984388392       1.004427316199659E-014
         195   1.94051679398151       9.984444065316210E-015
         196   1.95049374407911       9.923694349388326E-015
         197   1.96047069417670       9.861922567373230E-015
         198   1.97044764427429       9.799305460660635E-015
         199   1.98042459437188       9.735628693352882E-015
         200   1.99040154446947       9.671180895061362E-015
         201   2.00037849456706       9.605644928807726E-015
         202   2.01035544466465       9.539397932497553E-015
         203   2.02033239476224       9.472055670773400E-015
         204   2.03030934485984       9.404033803559381E-015
         205   2.04028629495743       9.334949829196758E-015
         206   2.05026324505502       9.265168940369580E-015
         207   2.06024019515261       9.194415486307803E-015
         208   2.07021714525020       9.122891391879900E-015
         209   2.08019409534779       9.050540110605762E-015
         210   2.09017104544538       8.977302650257088E-015
         211   2.10014799554298       8.903404748263248E-015
         212   2.11012494564057       8.828517220732679E-015
         213   2.12010189573816       8.753087777217850E-015
         214   2.13007884583575       8.676655862964408E-015
         215   2.14005579593334       8.599672356985037E-015
         216   2.15003274603093       8.521825946563902E-015
         217   2.16000969612852       8.443271470366408E-015
         218   2.16998664622612       8.364104584826446E-015
         219   2.17996359632371       8.284035094164056E-015
         220   2.18994054642130       8.203546320444742E-015
         221   2.19991749651889       8.122129882398073E-015
         222   2.20989444661648       8.040230540177550E-015
         223   2.21987139671407       7.957663769818702E-015
         224   2.22984834681166       7.874331636274425E-015
         225   2.23982529690925       7.790650385297943E-015
         226   2.24980224700685       7.706079929621475E-015
         227   2.25977919710444       7.621121304556967E-015
         228   2.26975614720203       7.535591158157556E-015
         229   2.27973309729962       7.449306666485913E-015
         230   2.28971004739721       7.362792479305385E-015
         231   2.29968699749480       7.275519340408414E-015
         232   2.30966394759239       7.187763293864884E-015
         233   2.31964089768999       7.099745174589124E-015
         234   2.32961784778758       7.010948915200248E-015
         235   2.33959479788517       6.921864717635236E-015
         236   2.34957174798276       6.832481234046308E-015
         237   2.35954869808035       6.742367885852436E-015
         238   2.36952564817794       6.652058144002342E-015
         239   2.37950259827553       6.561495687353902E-015
         240   2.38947954837312       6.470250920368635E-015
         241   2.39945649847072       6.378801614427391E-015
         242   2.40943344856831       6.287246133464345E-015
         243   2.41941039866590       6.195109764754868E-015
         244   2.42938734876349       6.102621152857902E-015
         245   2.43936429886108       6.010167809834504E-015
         246   2.44934124895867       5.917440558874734E-015
         247   2.45931819905626       5.824207789401816E-015
         248   2.46929514915386       5.730830146666602E-015
         249   2.47927209925145       5.637535629855192E-015
         250   2.48924904934904       5.544079437300738E-015
         251   2.49922599944663       5.450261769596917E-015
         252   2.50920294954422       5.356246026910345E-015
         253   2.51917989964181       5.262284343773889E-015
         254   2.52915684973940       5.168436465029471E-015
         255   2.53913379983699       5.074593490675080E-015
         256   2.54911074993459       4.980658603611637E-015
         257   2.55908770003218       4.886635875342313E-015
         258   2.56906465012977       4.792607316629850E-015
         259   2.57904160022736       4.698646395446598E-015
         260   2.58901855032495       4.604820611309234E-015
         261   2.59899550042254       4.511171610559163E-015
         262   2.60897245052013       4.417743148091422E-015
         263   2.61894940061772       4.324582731356874E-015
         264   2.62892635071532       4.231753071514527E-015
         265   2.63890330081291       4.139294490766093E-015
         266   2.64888025091050       4.047135813066758E-015
         267   2.65885720100809       3.955102414208537E-015
         268   2.66883415110568       3.863242390232199E-015
         269   2.67881110120327       3.772437586296356E-015
         270   2.68878805130086       3.682709152797005E-015
         271   2.69876500139846       3.592329750833467E-015
         272   2.70874195149605       3.504278987844232E-015
         273   2.71871890159364       3.415540298920784E-015
         274   2.72869585169123       3.329638021638823E-015
         275   2.73867280178882       3.244165112033562E-015
         276   2.74864975188641       3.159815073573032E-015
         277   2.75862670198400       3.077540303184678E-015
         278   2.76860365208160       2.994904199135914E-015
         279   2.77858060217919       2.918043124340884E-015
         280   2.78855755227678       2.839009337229752E-015
         281   2.79853450237437       2.761285382485536E-015
         282   2.80851145247196       2.678044927548874E-015
