           1   0.000000       0.00000000000000     
           2  9.991178667642236E-003  1.065922696674922E-020
           3  1.998235733528447E-002  2.254571320720920E-020
           4  2.997353600292671E-002  3.489623113019278E-020
           5  3.996471467056895E-002  4.735984080437709E-020
           6  4.995589333821118E-002  6.015039893926900E-020
           7  5.994707200585342E-002  7.313962691083862E-020
           8  6.993825067349567E-002  8.641128497491277E-020
           9  7.992942934113791E-002  9.988292683141958E-020
          10  8.992060800878016E-002  1.136137157069353E-019
          11  9.991178667642239E-002  1.275464681806478E-019
          12  0.109902965344065       1.416964650945052E-019
          13  0.119894144011707       1.560561307454752E-019
          14  0.129885322679349       1.705943285457500E-019
          15  0.139876501346991       1.853224128972947E-019
          16  0.149867680014634       2.002187150609129E-019
          17  0.159858858682276       2.152640159279458E-019
          18  0.169850037349918       2.304600794840014E-019
          19  0.179841216017560       2.457856994801259E-019
          20  0.189832394685203       2.612233721233017E-019
          21  0.199823573352845       2.767693881964394E-019
          22  0.209814752020487       2.924055977073300E-019
          23  0.219805930688129       3.081133867729419E-019
          24  0.229797109355772       3.238854062775740E-019
          25  0.239788288023414       3.397069633196059E-019
          26  0.249779466691056       3.555587023805490E-019
          27  0.259770645358698       3.714297508162560E-019
          28  0.269761824026340       3.873082762301469E-019
          29  0.279753002693983       4.031759828401640E-019
          30  0.289744181361625       4.190185700930147E-019
          31  0.299735360029267       4.348253198019234E-019
          32  0.309726538696909       4.505807460152141E-019
          33  0.319717717364552       4.662685172605950E-019
          34  0.329708896032194       4.818768410468787E-019
          35  0.339700074699836       4.973932102064697E-019
          36  0.349691253367478       5.128018256084543E-019
          37  0.359682432035120       5.280888801870910E-019
          38  0.369673610702763       5.432430901480875E-019
          39  0.379664789370405       5.582511351580506E-019
          40  0.389655968038047       5.730984949717966E-019
          41  0.399647146705689       5.877731131315110E-019
          42  0.409638325373331       6.022638369808991E-019
          43  0.419629504040974       6.165576794578860E-019
          44  0.429620682708616       6.306417407474956E-019
          45  0.439611861376258       6.445052028253909E-019
          46  0.449603040043900       6.581373461749105E-019
          47  0.459594218711543       6.715261839325890E-019
          48  0.469585397379185       6.846604016368299E-019
          49  0.479576576046827       6.975302830172605E-019
          50  0.489567754714469       7.101259262348265E-019
          51  0.499558933382111       7.224366696472188E-019
          52  0.509550112049754       7.344527219732457E-019
          53  0.519541290717396       7.461655161942365E-019
          54  0.529532469385038       7.575662700488968E-019
          55  0.539523648052680       7.686458049097403E-019
          56  0.549514826720323       7.793958293639859E-019
          57  0.559506005387965       7.898090295918852E-019
          58  0.569497184055607       7.998779511024611E-019
          59  0.579488362723249       8.095949789950653E-019
          60  0.589479541390892       8.189533283627841E-019
          61  0.599470720058534       8.279470413206181E-019
          62  0.609461898726176       8.365701243785352E-019
          63  0.619453077393818       8.448165685066631E-019
          64  0.629444256061460       8.526811135051865E-019
          65  0.639435434729103       8.601592361773171E-019
          66  0.649426613396745       8.672464808146500E-019
          67  0.659417792064387       8.739384626366795E-019
          68  0.669408970732029       8.802314612796688E-019
          69  0.679400149399672       8.861224359959217E-019
          70  0.689391328067314       8.916085026182916E-019
          71  0.699382506734956       8.966868995790341E-019
          72  0.709373685402598       9.013554490659795E-019
          73  0.719364864070240       9.056126094107877E-019
          74  0.729356042737883       9.094570674202142E-019
          75  0.739347221405525       9.128876645389245E-019
          76  0.749338400073167       9.159037507650313E-019
          77  0.759329578740809       9.185052714379256E-019
          78  0.769320757408451       9.206924548933323E-019
          79  0.779311936076094       9.224657054232583E-019
          80  0.789303114743736       9.238258664191265E-019
          81  0.799294293411378       9.247743325026516E-019
          82  0.809285472079020       9.253128188761543E-019
          83  0.819276650746663       9.254432319855698E-019
          84  0.829267829414305       9.251678539227292E-019
          85  0.839259008081947       9.244894681443864E-019
          86  0.849250186749589       9.234111997209359E-019
          87  0.859241365417231       9.219363761365882E-019
          88  0.869232544084874       9.200686434867145E-019
          89  0.879223722752516       9.178120935088763E-019
          90  0.889214901420158       9.151711644542004E-019
          91  0.899206080087800       9.121505041649947E-019
          92  0.909197258755443       9.087550288207055E-019
          93  0.919188437423085       9.049900400663966E-019
          94  0.929179616090727       9.008611755847009E-019
          95  0.939170794758370       8.963742848948611E-019
          96  0.949161973426012       8.915354422886039E-019
          97  0.959153152093654       8.863510451414265E-019
          98  0.969144330761296       8.808278023826029E-019
          99  0.979135509428939       8.749726306952969E-019
         100  0.989126688096581       8.687926340208622E-019
         101  0.999117866764223       8.622951773124040E-019
         102   1.00910904543187       8.554879006863615E-019
         103   1.01910022409951       8.483786402801884E-019
         104   1.02909140276715       8.409753867210261E-019
         105   1.03908258143479       8.332863321667516E-019
         106   1.04907376010244       8.253198984054867E-019
         107   1.05906493877008       8.170846830528404E-019
         108   1.06905611743772       8.085894083919369E-019
         109   1.07904729610536       7.998429430087824E-019
         110   1.08903847477300       7.908543336269117E-019
         111   1.09902965344065       7.816327741379622E-019
         112   1.10902083210829       7.721875542289599E-019
         113   1.11901201077593       7.625280597418140E-019
         114   1.12900318944357       7.526638004468635E-019
         115   1.13899436811122       7.426043970635546E-019
         116   1.14898554677886       7.323595363625715E-019
         117   1.15897672544650       7.219389561735451E-019
         118   1.16896790411414       7.113524642479404E-019
         119   1.17895908278179       7.006099372325797E-019
         120   1.18895026144943       6.897212859090973E-019
         121   1.19894144011707       6.786964313630876E-019
         122   1.20893261878471       6.675453130761828E-019
         123   1.21892379745235       6.562778938184474E-019
         124   1.22891497612000       6.449041358654886E-019
         125   1.23890615478764       6.334339742970684E-019
         126   1.24889733345528       6.218773150082554E-019
         127   1.25888851212292       6.102440405006962E-019
         128   1.26887969079057       5.985439957298595E-019
         129   1.27887086945821       5.867869631112417E-019
         130   1.28886204812585       5.749826528959614E-019
         131   1.29885322679349       5.631407064922641E-019
         132   1.30884440546114       5.512706893038328E-019
         133   1.31883558412878       5.393820702143027E-019
         134   1.32882676279642       5.274842075788928E-019
         135   1.33881794146406       5.155863485446130E-019
         136   1.34880912013170       5.036976258854486E-019
         137   1.35880029879935       4.918270429593464E-019
         138   1.36879147746699       4.799834584938138E-019
         139   1.37878265613463       4.681755819783901E-019
         140   1.38877383480227       4.564119719179396E-019
         141   1.39876501346992       4.447010258699985E-019
         142   1.40875619213756       4.330509664953354E-019
         143   1.41874737080520       4.214698341857187E-019
         144   1.42873854947284       4.099654850378310E-019
         145   1.43872972814049       3.985455847778330E-019
         146   1.44872090680813       3.872175975444368E-019
         147   1.45871208547577       3.759887773877814E-019
         148   1.46870326414341       3.648661652699177E-019
         149   1.47869444281105       3.538565854771866E-019
         150   1.48868562147870       3.429666376287072E-019
         151   1.49867680014634       3.322026886114563E-019
         152   1.50866797881398       3.215708687523315E-019
         153   1.51865915748162       3.110770695661346E-019
         154   1.52865033614927       3.007269387673924E-019
         155   1.53864151481691       2.905258737836127E-019
         156   1.54863269348455       2.804790177531216E-019
         157   1.55862387215219       2.705912579368048E-019
         158   1.56861505081984       2.608672231515107E-019
         159   1.57860622948748       2.513112794564323E-019
         160   1.58859740815512       2.419275267823081E-019
         161   1.59858858682276       2.327197978304933E-019
         162   1.60857976549040       2.236916573094888E-019
         163   1.61857094415805       2.148463999097741E-019
         164   1.62856212282569       2.061870482446431E-019
         165   1.63855330149333       1.977163524175017E-019
         166   1.64854448016097       1.894367906136808E-019
         167   1.65853565882862       1.813505691746888E-019
         168   1.66852683749626       1.734596222636722E-019
         169   1.67851801616390       1.657656124401310E-019
         170   1.68850919483154       1.582699323980293E-019
         171   1.69850037349919       1.509737068377106E-019
         172   1.70849155216683       1.438777939898572E-019
         173   1.71848273083447       1.369827875178223E-019
         174   1.72847390950211       1.302890193890143E-019
         175   1.73846508816975       1.237965632705619E-019
         176   1.74845626683740       1.175052378396883E-019
         177   1.75844744550504       1.114146102076470E-019
         178   1.76843862417268       1.055240000084146E-019
         179   1.77842980284032       9.983248413386781E-020
         180   1.78842098150797       9.433890165266916E-020
         181   1.79841216017561       8.904185879412072E-020
         182   1.80840333884325       8.393973433514343E-020
         183   1.81839451751089       7.903068557283406E-020
         184   1.82838569617854       7.431265464880730E-020
         185   1.83837687484618       6.978337500155320E-020
         186   1.84836805351382       6.544037806310171E-020
         187   1.85835923218146       6.128100040258527E-020
         188   1.86835041084911       5.730239126727161E-020
         189   1.87834158951675       5.350152032968709E-020
         190   1.88833276818439       4.987518561175414E-020
         191   1.89832394685203       4.642002171651795E-020
         192   1.90831512551967       4.313250841192181E-020
         193   1.91830630418732       4.000897945712814E-020
         194   1.92829748285496       3.704563158584945E-020
         195   1.93828866152260       3.423853369039832E-020
         196   1.94827984019024       3.158363626709770E-020
         197   1.95827101885789       2.907678108426201E-020
         198   1.96826219752553       2.671371099074355E-020
         199   1.97825337619317       2.449007984864918E-020
         200   1.98824455486081       2.240146262593322E-020
         201   1.99823573352846       2.044336564639604E-020
         202   2.00822691219610       1.861123694129953E-020
         203   2.01821809086374       1.690047666051307E-020
         204   2.02820926953138       1.530644754583046E-020
         205   2.03820044819902       1.382448546983582E-020
         206   2.04819162686667       1.244991000772026E-020
         207   2.05818280553431       1.117803499745355E-020
         208   2.06817398420195       1.000417906712889E-020
         209   2.07816516286959       8.923676122837194E-021
         210   2.08815634153724       7.931885775108556E-021
         211   2.09814752020488       7.024203665277207E-021
         212   2.10813869887252       6.196071658986530E-021
         213   2.11812987754016       5.442987887003479E-021
         214   2.12812105620781       4.760516611196686E-021
         215   2.13811223487545       4.144297881803852E-021
         216   2.14810341354309       3.590056949395797E-021
         217   2.15809459221073       3.093613401563258E-021
         218   2.16808577087837       2.650889996639913E-021
         219   2.17807694954602       2.257921161075860E-021
         220   2.18806812821366       1.910861112554590E-021
         221   2.19805930688130       1.605991572487006E-021
         222   2.20805048554894       1.339729033637981E-021
         223   2.21804166421659       1.108631546562407E-021
         224   2.22803284288423       9.094049850573103E-022
         225   2.23802402155187       7.389087499668150E-022
         226   2.24801520021951       5.941608713178529E-022
         227   2.25800637888716       4.723424679371152E-022
         228   2.26799755755480       3.708015215342971E-022
         229   2.27798873622244       2.870559207585271E-022
         230   2.28797991489008       2.187957302449821E-022
         231   2.29797109355772       1.638846389016973E-022
         232   2.30796227222537       1.203605402285226E-022
         233   2.31795345089301       8.643519603926099E-023
         234   2.32794462956065       6.049293394375924E-023
         235   2.33793580822829       4.108832795169535E-023
         236   2.34792698689594       2.694281031348335E-023
         237   2.35791816556358       1.694016140743649E-023
         238   2.36790934423122       1.012082328858976E-023
         239   2.37790052289886       5.674981344275473E-024
         240   2.38789170156651       2.934357256796752E-024
         241   2.39788288023415       1.362655194680796E-024
         242   2.40787405890179       5.446018903256334E-025
         243   2.41786523756943       1.735199946575987E-025
         244   2.42785641623707       3.737280699405376E-026
         245   2.43784759490472       3.217169684374630E-027
         246   2.44783877357236        0.00000000000000     
