           1   0.000000       0.00000000000000     
           2  8.648449778556824E-003  4.632538563788716E-021
           3  1.729689955711365E-002  9.309619822003377E-021
           4  2.594534933567047E-002  1.403366544852198E-020
           5  3.459379911422730E-002  1.883017648671072E-020
           6  4.324224889278411E-002  2.357531701426255E-020
           7  5.189069867134094E-002  2.835584146999593E-020
           8  6.053914844989776E-002  3.309872556516757E-020
           9  6.918759822845459E-002  3.785438166692086E-020
          10  7.783604800701142E-002  4.257507931109332E-020
          11  8.648449778556824E-002  4.728570538855997E-020
          12  9.513294756412508E-002  5.196971695812862E-020
          13  0.103781397342682       5.661701534959518E-020
          14  0.112429847121239       6.124031745617089E-020
          15  0.121078296899796       6.581770334828889E-020
          16  0.129726746678352       7.035329086423859E-020
          17  0.138375196456909       7.484646252792013E-020
          18  0.147023646235466       7.928360404435637E-020
          19  0.155672096014023       8.366669876810968E-020
          20  0.164320545792580       8.799250799179932E-020
          21  0.172968995571136       9.225192044939165E-020
          22  0.181617445349693       9.644370102547858E-020
          23  0.190265895128250       1.005650985684739E-019
          24  0.198914344906807       1.046096552002616E-019
          25  0.207562794685364       1.085744739915852E-019
          26  0.216211244463921       1.124573003353902E-019
          27  0.224859694242477       1.162536690388598E-019
          28  0.233508144021034       1.199601593998086E-019
          29  0.242156593799591       1.235744480338154E-019
          30  0.250805043578148       1.270933299858845E-019
          31  0.259453493356705       1.305135422128549E-019
          32  0.268101943135262       1.338325646665677E-019
          33  0.276750392913818       1.370478711507058E-019
          34  0.285398842692375       1.401567564937321E-019
          35  0.294047292470932       1.431568357782338E-019
          36  0.302695742249489       1.460460276162604E-019
          37  0.311344192028046       1.488222884942513E-019
          38  0.319992641806602       1.514836925237706E-019
          39  0.328641091585159       1.540285728329074E-019
          40  0.337289541363716       1.564554391166113E-019
          41  0.345937991142273       1.587629027187617E-019
          42  0.354586440920830       1.609497342328047E-019
          43  0.363234890699387       1.630148885067737E-019
          44  0.371883340477943       1.649574605978094E-019
          45  0.380531790256500       1.667766777047623E-019
          46  0.389180240035057       1.684719234205537E-019
          47  0.397828689813614       1.700427366662974E-019
          48  0.406477139592171       1.714887993349954E-019
          49  0.415125589370728       1.728099380037882E-019
          50  0.423774039149284       1.740061275744619E-019
          51  0.432422488927841       1.750774883647794E-019
          52  0.441070938706398       1.760242830257819E-019
          53  0.449719388484955       1.768469148468636E-019
          54  0.458367838263512       1.775459261489489E-019
          55  0.467016288042069       1.781219971146736E-019
          56  0.475664737820625       1.785759436419679E-019
          57  0.484313187599182       1.789087142951231E-019
          58  0.492961637377739       1.791213885609582E-019
          59  0.501610087156296       1.792151749863317E-019
          60  0.510258536934853       1.791914070320970E-019
          61  0.518906986713410       1.790515392313495E-019
          62  0.527555436491966       1.787971451346023E-019
          63  0.536203886270523       1.784299134672133E-019
          64  0.544852336049080       1.779516420106521E-019
          65  0.553500785827637       1.773642338529026E-019
          66  0.562149235606194       1.766696958145933E-019
          67  0.570797685384750       1.758701336968548E-019
          68  0.579446135163307       1.749677452925740E-019
          69  0.588094584941864       1.739648173089998E-019
          70  0.596743034720421       1.728637247728003E-019
          71  0.605391484498978       1.716669259956325E-019
          72  0.614039934277535       1.703769547330367E-019
          73  0.622688384056091       1.689964171328377E-019
          74  0.631336833834648       1.675279917989502E-019
          75  0.639985283613205       1.659744246706236E-019
          76  0.648633733391762       1.643385201588263E-019
          77  0.657282183170319       1.626231374935815E-019
          78  0.665930632948876       1.608311913391932E-019
          79  0.674579082727432       1.589656471957289E-019
          80  0.683227532505989       1.570295118561024E-019
          81  0.691875982284546       1.550258288457942E-019
          82  0.700524432063103       1.529576794745295E-019
          83  0.709172881841660       1.508281793295729E-019
          84  0.717821331620216       1.486404685689012E-019
          85  0.726469781398773       1.463977062029382E-019
          86  0.735118231177330       1.441030710591273E-019
          87  0.743766680955887       1.417597594867285E-019
          88  0.752415130734444       1.393709760946287E-019
          89  0.761063580513001       1.369399269139079E-019
          90  0.769712030291557       1.344698195882802E-019
          91  0.778360480070114       1.319638620905638E-019
          92  0.787008929848671       1.294252546953072E-019
          93  0.795657379627228       1.268571825637073E-019
          94  0.804305829405785       1.242628146546800E-019
          95  0.812954279184341       1.216453030013810E-019
          96  0.821602728962898       1.190077765190221E-019
          97  0.830251178741455       1.163533338350017E-019
          98  0.838899628520012       1.136850408241254E-019
          99  0.847548078298569       1.110059298336446E-019
         100  0.856196528077126       1.083189953646445E-019
         101  0.864844977855682       1.056271879063766E-019
         102  0.873493427634239       1.029334104983267E-019
         103  0.882141877412796       1.002405174224875E-019
         104  0.890790327191353       9.755131126741771E-020
         105  0.899438776969910       9.486853816370508E-020
         106  0.908087226748467       9.219488409263310E-020
         107  0.916735676527023       8.953297297988853E-020
         108  0.925384126305580       8.688536450472651E-020
         109  0.934032576084137       8.425455068246312E-020
         110  0.942681025862693       8.164295257994124E-020
         111  0.951329475641250       7.905291814260873E-020
         112  0.959977925419807       7.648672034742844E-020
         113  0.968626375198364       7.394655481559050E-020
         114  0.977274824976920       7.143453727133227E-020
         115  0.985923274755477       6.895270154672809E-020
         116  0.994571724534034       6.650299801273775E-020
         117   1.00322017431259       6.408729192852341E-020
         118   1.01186862409115       6.170736168889115E-020
         119   1.02051707386970       5.936489731639486E-020
         120   1.02916552364826       5.706149928713808E-020
         121   1.03781397342682       5.479867747883141E-020
         122   1.04646242320537       5.257785014064771E-020
         123   1.05511087298393       5.040034300589475E-020
         124   1.06375932276249       4.826738863986599E-020
         125   1.07240777254104       4.618012596509480E-020
         126   1.08105622231960       4.413959989450761E-020
         127   1.08970467209816       4.214676109593912E-020
         128   1.09835312187671       4.020246593694068E-020
         129   1.10700157165527       3.830747660599709E-020
         130   1.11565002143383       3.646246138013029E-020
         131   1.12429847121238       3.466799503503183E-020
         132   1.13294692099094       3.292455941401483E-020
         133   1.14159537076950       3.123254416091113E-020
         134   1.15024382054805       2.959224760840462E-020
         135   1.15889227032661       2.800387781606394E-020
         136   1.16754072010517       2.646755375953278E-020
         137   1.17618916988373       2.498330667253360E-020
         138   1.18483761966228       2.355108154000506E-020
         139   1.19348606944084       2.217073873905595E-020
         140   1.20213451921940       2.084205582459638E-020
         141   1.21078296899795       1.956472945753092E-020
         142   1.21943141877651       1.833837747411548E-020
         143   1.22807986855507       1.716254109395736E-020
         144   1.23672831833362       1.603668726227292E-020
         145   1.24537676811218       1.496021112219631E-020
         146   1.25402521789074       1.393243861442332E-020
         147   1.26267366766929       1.295262920098793E-020
         148   1.27132211744785       1.201997870787371E-020
         149   1.27997056722641       1.113362228090949E-020
         150   1.28861901700496       1.029263745089974E-020
         151   1.29726746678352       9.496047303720837E-021
         152   1.30591591656208       8.742823748980903E-021
         153   1.31456436634063       8.031890880278981E-021
         154   1.32321281611919       7.362128421618128E-021
         155   1.33186126589775       6.732375254671110E-021
         156   1.34050971567630       6.141433019451158E-021
         157   1.34915816545486       5.588069779850085E-021
         158   1.35780661523342       5.071023746869519E-021
         159   1.36645506501197       4.589007053082740E-021
         160   1.37510351479053       4.140709570022961E-021
         161   1.38375196456909       3.724802758504730E-021
         162   1.39240041434764       3.339943542697264E-021
         163   1.40104886412620       2.984778199936116E-021
         164   1.40969731390476       2.657946257108862E-021
         165   1.41834576368331       2.358084382454487E-021
         166   1.42699421346187       2.083830261595815E-021
         167   1.43564266324043       1.833826447822609E-021
         168   1.44429111301898       1.606724176286347E-021
         169   1.45293956279754       1.401187129933377E-021
         170   1.46158801257610       1.215895144241654E-021
         171   1.47023646235465       1.049547838624736E-021
         172   1.47888491213321       9.008681625342346E-022
         173   1.48753336191177       7.686058429443993E-022
         174   1.49618181169032       6.515407187927770E-022
         175   1.50483026146888       5.484859481748656E-022
         176   1.51347871124744       4.582910743507087E-022
         177   1.52212716102599       3.798449357815437E-022
         178   1.53077561080455       3.120784043515061E-022
         179   1.53942406058311       2.539669356870504E-022
         180   1.54807251036166       2.045329155361001E-022
         181   1.55672096014022       1.628477856392970E-022
         182   1.56536940991878       1.280339316891832E-022
         183   1.57401785969733       9.926631549597888E-023
         184   1.58266630947589       7.577383325589599E-023
         185   1.59131475925445       5.684038137996526E-023
         186   1.59996320903300       4.180561070069859E-023
         187   1.60861165881156       3.006534933614471E-023
         188   1.61726010859012       2.107167408251595E-023
         189   1.62590855836867       1.433260974402383E-023
         190   1.63455700814723       9.411435257615666E-024
         191   1.64320545792579       5.925574932673502E-024
         192   1.65185390770434       3.545052628979735E-024
         193   1.66050235748290       1.990486188310300E-024
         194   1.66915080726146       1.030598898490986E-024
         195   1.67779925704002       4.792242283378752E-025
         196   1.68644770681857       1.917795365851495E-025
         197   1.69509615659713       6.118391678777110E-026
         198   1.70374460637569       1.319478954272542E-026
         199   1.71239305615424       1.137297637013597E-027
         200   1.72104150593280        0.00000000000000     
