           1  4.324224889278412E-003  3.175366121055874E-019
           2  1.297267466783524E-002  3.164872084319156E-019
           3  2.162112444639206E-002  3.155230290308074E-019
           4  3.026957422494888E-002  3.154140763020415E-019
           5  3.891802400350571E-002  3.111822359704370E-019
           6  4.756647378206253E-002  3.098752778774914E-019
           7  5.621492356061935E-002  3.061962446060167E-019
           8  6.486337333917618E-002  3.042188272179907E-019
           9  7.351182311773301E-002  3.007117440135237E-019
          10  8.216027289628983E-002  2.980737428676704E-019
          11  9.080872267484666E-002  2.949256129252319E-019
          12  9.945717245340348E-002  2.915311357327052E-019
          13  0.108105622231960       2.885604400175085E-019
          14  0.116754072010517       2.849749252212787E-019
          15  0.125402521789074       2.815578115956088E-019
          16  0.134050971567631       2.781764510224809E-019
          17  0.142699421346188       2.744380173760603E-019
          18  0.151347871124744       2.708098346362995E-019
          19  0.159996320903301       2.671438779685350E-019
          20  0.168644770681858       2.632635256805554E-019
          21  0.177293220460415       2.594050103507348E-019
          22  0.185941670238972       2.555244287661223E-019
          23  0.194590120017529       2.515166279342402E-019
          24  0.203238569796085       2.474853854127956E-019
          25  0.211887019574642       2.434489229037351E-019
          26  0.220535469353199       2.393474036209224E-019
          27  0.229183919131756       2.352098158618799E-019
          28  0.237832368910313       2.310672046531428E-019
          29  0.246480818688869       2.268968750272146E-019
          30  0.255129268467426       2.226967556449568E-019
          31  0.263777718245983       2.184875569561391E-019
          32  0.272426168024540       2.142698289627007E-019
          33  0.281074617803097       2.100383655017094E-019
          34  0.289723067581654       2.058018305729238E-019
          35  0.298371517360210       2.015682484843870E-019
          36  0.307019967138767       1.973380428426351E-019
          37  0.315668416917324       1.931139886251008E-019
          38  0.324316866695881       1.889023156073787E-019
          39  0.332965316474438       1.847067364757971E-019
          40  0.341613766252995       1.805291691062838E-019
          41  0.350262216031551       1.763728753561652E-019
          42  0.358910665810108       1.722414643568954E-019
          43  0.367559115588665       1.681374473806923E-019
          44  0.376207565367222       1.640630807917685E-019
          45  0.384856015145779       1.600210250456295E-019
          46  0.393504464924335       1.560138442129407E-019
          47  0.402152914702892       1.520437573397420E-019
          48  0.410801364481449       1.481129015580471E-019
          49  0.419449814260006       1.442234141037724E-019
          50  0.428098264038563       1.403773131727195E-019
          51  0.436746713817120       1.365764638913460E-019
          52  0.445395163595676       1.328226160065673E-019
          53  0.454043613374233       1.291174323800339E-019
          54  0.462692063152790       1.254624922039467E-019
          55  0.471340512931347       1.218592656023836E-019
          56  0.479988962709904       1.183091092908949E-019
          57  0.488637412488461       1.148132998936388E-019
          58  0.497285862267017       1.113730291891344E-019
          59  0.505934312045574       1.079893635840046E-019
          60  0.514582761824131       1.046632589426133E-019
          61  0.523231211602688       1.013955991752852E-019
          62  0.531879661381245       9.818716376188465E-020
          63  0.540528111159802       9.503858998417751E-020
          64  0.549176560938358       9.195042509555689E-020
          65  0.557825010716915       8.892317124732022E-020
          66  0.566473460495472       8.595722830533133E-020
          67  0.575121910274029       8.305285734028263E-020
          68  0.583770360052586       8.021025892783430E-020
          69  0.592418809831142       7.742962148813400E-020
          70  0.601067259609699       7.471104229934219E-020
          71  0.609715709388256       7.205448166834347E-020
          72  0.618364159166813       6.945985386089467E-020
          73  0.627012608945370       6.692708417030602E-020
          74  0.635661058723927       6.445601932879578E-020
          75  0.644309508502483       6.204636726023990E-020
          76  0.652957958281040       5.969779167246060E-020
          77  0.661606408059597       5.740998589793621E-020
          78  0.670254857838154       5.518258586415935E-020
          79  0.678903307616711       5.301509214181087E-020
          80  0.687551757395268       5.090695677208256E-020
          81  0.696200207173824       4.885767546924675E-020
          82  0.704848656952381       4.686671415833518E-020
          83  0.713497106730938       4.493341389765998E-020
          84  0.722145556509495       4.305705820982546E-020
          85  0.730794006288052       4.123697780260882E-020
          86  0.739442456066609       3.947249978764190E-020
          87  0.748090905845165       3.776284453228178E-020
          88  0.756739355623722       3.610716628405551E-020
          89  0.765387805402279       3.450465841928582E-020
          90  0.774036255180836       3.295453088761882E-020
          91  0.782684704959393       3.145591421887958E-020
          92  0.791333154737950       3.000787182649262E-020
          93  0.799981604516506       2.860949060847019E-020
          94  0.808630054295063       2.725988511821617E-020
          95  0.817278504073620       2.595812285541697E-020
          96  0.825926953852177       2.470321351365899E-020
          97  0.834575403630734       2.349417349128571E-020
          98  0.843223853409290       2.233004763288188E-020
          99  0.851872303187847       2.120986273353827E-020
         100  0.860520752966404       2.013260512619755E-020
         101  0.869169202744961       1.909725657336253E-020
         102  0.877817652523518       1.810282072637708E-020
         103  0.886466102302075       1.714830242820777E-020
         104  0.895114552080631       1.623268581387412E-020
         105  0.903763001859188       1.535494794258834E-020
         106  0.912411451637745       1.451407990207732E-020
         107  0.921059901416302       1.370908288309310E-020
         108  0.929708351194858       1.293895380469755E-020
         109  0.938356800973415       1.220268696132046E-020
         110  0.947005250751972       1.149928632327424E-020
         111  0.955653700530528       1.082776855702760E-020
         112  0.964302150309085       1.018715658784271E-020
         113  0.972950600087642       9.576477604175675E-021
         114  0.981599049866199       8.994768431263011E-021
         115  0.990247499644755       8.441079333965623E-021
         116  0.998895949423312       7.914472452686800E-021
         117   1.00754439920187       7.414020112534884E-021
         118   1.01619284898043       6.938806608342645E-021
         119   1.02484129875898       6.487930715000031E-021
         120   1.03348974853754       6.060506021378624E-021
         121   1.04213819831610       5.655660286509092E-021
         122   1.05078664809465       5.272535927631361E-021
         123   1.05943509787321       4.910291293905438E-021
         124   1.06808354765177       4.568101326792718E-021
         125   1.07673199743032       4.245157552011841E-021
         126   1.08538044720888       3.940668255550581E-021
         127   1.09402889698744       3.653859043762821E-021
         128   1.10267734676599       3.383973316204493E-021
         129   1.11132579654455       3.130272445370036E-021
         130   1.11997424632311       2.892035895684929E-021
         131   1.12862269610166       2.668561445898289E-021
         132   1.13727114588022       2.459165419275152E-021
         133   1.14591959565878       2.263182817265890E-021
         134   1.15456804543733       2.079967384788815E-021
         135   1.16321649521589       1.908891666101042E-021
         136   1.17186494499445       1.749347052316167E-021
         137   1.18051339477300       1.600743799863377E-021
         138   1.18916184455156       1.462511008732725E-021
         139   1.19781029433012       1.334096566841817E-021
         140   1.20645874410867       1.214967070848904E-021
         141   1.21510719388723       1.104607728343133E-021
         142   1.22375564366579       1.002522239737607E-021
         143   1.23240409344434       9.082326463668806E-022
         144   1.24105254322290       8.212791530590358E-022
         145   1.24970099300146       7.412199349930690E-022
         146   1.25834944278001       6.676309282304374E-022
         147   1.26699789255857       6.001055948710964E-022
         148   1.27564634233713       5.382546641047631E-022
         149   1.28429479211568       4.817058597522515E-022
         150   1.29294324189424       4.301036174079920E-022
         151   1.30159169167280       3.831087788822758E-022
         152   1.31024014145135       3.403982678545970E-022
         153   1.31888859122991       3.016647537767250E-022
         154   1.32753704100847       2.666163093367684E-022
         155   1.33618549078702       2.349760526305900E-022
         156   1.34483394056558       2.064817714437533E-022
         157   1.35348239034414       1.808855384791885E-022
         158   1.36213084012269       1.579533247583197E-022
         159   1.37077928990125       1.374646028885932E-022
         160   1.37942773967981       1.192119371969948E-022
         161   1.38807618945836       1.030005661814968E-022
         162   1.39672463923692       8.864798488178555E-023
         163   1.40537308901548       7.598352391978646E-023
         164   1.41402153879403       6.484792047066989E-023
         165   1.42266998857259       5.509288377499799E-023
         166   1.43131843835115       4.658066108674992E-023
         167   1.43996688812971       3.918360607287542E-023
         168   1.44861533790826       3.278374402101855E-023
         169   1.45726378768682       2.727233514229072E-023
         170   1.46591223746538       2.254943976054445E-023
         171   1.47456068724393       1.852348840009145E-023
         172   1.48320913702249       1.511085459708471E-023
         173   1.49185758680105       1.223542906004847E-023
         174   1.50050603657960       9.828198424429303E-024
         175   1.50915448635816       7.826830642186785E-024
         176   1.51780293613672       6.175267126348039E-024
         177   1.52645138591527       4.823320645007401E-024
         178   1.53509983569383       3.726280122501466E-024
         179   1.54374828547239       2.844524624013997E-024
         180   1.55239673525094       2.143146811890092E-024
         181   1.56104518502950       1.591585693773276E-024
         182   1.56969363480806       1.163269506647698E-024
         183   1.57834208458661       8.352702750445272E-025
         184   1.58699053436517       5.879696790273480E-025
         185   1.59563898414373       4.047382291564960E-025
         186   1.60428743392228       2.716265722522353E-025
         187   1.61293588370084       1.770711234929841E-025
         188   1.62158433347940       1.116139902550580E-025
         189   1.63023278325795       6.763774580292650E-026
         190   1.63888123303651       3.911576315052322E-026
         191   1.64752968281507       2.137878943308816E-026
         192   1.65617813259362       1.089810903110507E-026
         193   1.66482658237218       5.085980398283934E-027
         194   1.67347503215074       2.113840127989534E-027
         195   1.68212348192929       7.488715731158677E-028
         196   1.69077193170785       2.093554480355518E-028
         197   1.69942038148641       3.932592808722630E-029
         198   1.70806883126496       3.090355596814640E-030
         199   1.71671728104352        0.00000000000000     
         200   1.72536573082208        0.00000000000000     
